Game: 550
Max Score: 524
mavg_score: [115.8, 127.48, 135.42, 162.36, 213.92, 177.76, 217.5, 242.38, 255.24, 180.26, 242.9]
var_score: [491.52, 1252.8896, 4703.043600000001, 6674.1504, 12852.313600000001, 10358.1824, 13109.77, 21219.5556, 27227.7024, 10659.5924, 19874.69]
