Game: 490
Max Score: 199
mavg_score: [98.2, 103.0, 95.0, 101.4, 103.0, 101.4, 106.2, 103.0, 120.6, 93.4, 99.8, 101.4, 110.6, 99.8, 95.0, 90.2, 99.8, 109.4, 101.4, 117.4, 96.6, 98.2, 101.6, 103.0, 111.0, 106.2, 107.8, 96.6, 107.8, 106.2, 98.2, 99.8, 104.6, 106.2, 98.2, 112.6, 117.4, 98.2, 97.0, 91.8, 109.4, 114.2, 104.6, 104.6, 93.4, 96.6, 96.6, 95.0, 104.6, 101.4, 103.8, 112.6, 104.6, 99.8, 103.0, 93.4, 91.8, 105.0, 103.0, 104.6, 106.2, 98.2, 95.0, 109.4, 90.2, 95.0, 101.4, 101.4, 98.2, 96.6, 98.2, 109.4, 108.0, 95.0, 101.4, 98.2, 95.0, 107.8, 91.8, 98.2, 107.8, 88.6, 95.0, 98.2, 90.6, 91.8, 88.6, 98.2, 95.0, 92.0, 99.8, 104.6, 95.0, 98.2]
var_score: [163.84, 51.2, 179.2, 61.44000000000001, 51.2, 163.83999999999997, 501.76000000000005, 102.4, 880.64, 138.23999999999998, 40.959999999999994, 35.839999999999996, 77.44000000000001, 92.16, 307.2, 245.76, 552.96, 471.03999999999996, 61.44000000000001, 778.24, 35.839999999999996, 40.959999999999994, 87.84, 256.0, 230.4, 245.76, 476.16, 10.239999999999998, 117.75999999999999, 348.15999999999997, 40.959999999999994, 552.96, 87.03999999999999, 245.76, 40.959999999999994, 266.24, 496.64, 40.959999999999994, 28.8, 245.76, 215.04000000000002, 1807.36, 240.63999999999996, 752.64, 317.43999999999994, 10.24, 317.43999999999994, 0.0, 87.04, 61.44000000000001, 40.96, 419.84, 983.04, 40.959999999999994, 51.2, 61.44, 245.76, 240.0, 819.2, 61.44000000000001, 911.36, 40.959999999999994, 0.0, 215.04000000000002, 194.56, 0.0, 61.44, 61.44000000000001, 40.959999999999994, 10.24, 40.959999999999994, 215.04000000000002, 478.4, 332.8, 291.84, 40.959999999999994, 0.0, 40.959999999999994, 245.76, 40.959999999999994, 143.35999999999999, 163.83999999999997, 0.0, 40.959999999999994, 77.44000000000001, 245.76, 163.83999999999997, 40.959999999999994, 0.0, 36.0, 92.16, 61.44000000000001, 0.0, 40.959999999999994]
