Game: 550
Max Score: 524
mavg_score: [117.16, 105.84, 103.18000000000001, 103.5, 108.36, 106.5, 108.28, 102.68000000000001, 124.06, 156.69999999999999, 192.63999999999999]
var_score: [5015.4543999999996, 1835.6544000000004, 2155.0675999999999, 3166.8099999999999, 2151.5503999999996, 1702.1300000000001, 1738.8416, 1903.7776000000001, 6611.8963999999987, 14810.610000000002, 26912.190399999996]
