Game: 200
Max Score: 524
mavg_score: [120.44, 123.48, 160.41999999999999, 241.09999999999999]
var_score: [567.52640000000008, 1244.5695999999998, 9857.7236000000012, 18912.330000000002]
