Game: 150
Max Score: 295
mavg_score: [121.23999999999999, 139.16, 123.48]
var_score: [527.4624, 2261.0944, 1231.7695999999999]
