Game: 100
Max Score: 495
mavg_score: [121.23999999999999, 152.12]
var_score: [716.90240000000017, 5191.7055999999993]
