Game: 200
Max Score: 524
mavg_score: [130.36, 147.96, 219.24, 384.8]
var_score: [978.1503999999998, 4164.8384, 14140.8224, 26753.439999999995]
