Game: 490
Max Score: 215
mavg_score: [102.4, 99.4, 95.0, 103.0, 104.6, 88.6, 99.8, 88.6, 98.2, 117.4, 88.6, 96.6, 107.8, 84.6, 111.0, 96.6, 104.6, 95.0, 103.0, 97.0, 93.6, 90.4, 109.6, 114.2, 111.0, 91.6, 118.6, 112.6, 109.4, 95.0, 98.2, 106.2, 101.4, 101.4, 107.8, 103.0, 95.0, 101.4, 109.4, 98.2, 99.8, 103.0, 104.6, 103.0, 104.6, 100.8, 95.0, 98.2, 91.8, 96.6, 97.4, 99.8, 99.8, 98.2, 101.4, 101.4, 98.2, 107.8, 98.2, 107.8, 101.4, 107.8, 126.4, 98.2, 95.0, 101.4, 101.4, 95.0, 95.0, 109.4, 103.0, 101.4, 99.8, 106.2, 95.0, 104.6, 91.8, 98.2, 95.0, 92.2, 95.0, 98.2, 98.2, 98.2, 101.4, 95.0, 96.6, 95.0, 98.2, 95.0, 88.6, 101.4, 95.0, 98.2, 98.2]
var_score: [115.64000000000001, 39.04, 0.0, 51.2, 61.44000000000001, 163.83999999999997, 40.959999999999994, 163.83999999999997, 143.35999999999999, 471.03999999999996, 163.83999999999997, 10.239999999999998, 168.95999999999998, 176.64000000000001, 179.2, 61.44000000000001, 35.839999999999996, 102.4, 256.0, 254.0, 305.44, 1092.6399999999999, 231.84, 168.95999999999998, 614.4, 126.24000000000001, 640.64, 2775.0400000000004, 317.43999999999994, 307.2, 40.959999999999994, 194.56, 61.44000000000001, 471.03999999999996, 220.16, 819.2, 0.0, 599.04, 445.43999999999994, 348.15999999999997, 808.96, 563.2, 163.83999999999997, 256.0, 61.44, 547.3599999999999, 307.2, 40.959999999999994, 245.76, 10.239999999999998, 87.03999999999999, 40.959999999999994, 92.16, 40.959999999999994, 163.83999999999997, 61.44000000000001, 40.959999999999994, 476.16, 40.959999999999994, 143.35999999999999, 61.44, 245.76, 663.8399999999999, 40.959999999999994, 0.0, 61.44000000000001, 61.44000000000001, 0.0, 0.0, 215.03999999999996, 256.0, 61.44000000000001, 92.16, 92.16, 0.0, 240.63999999999996, 245.76, 40.959999999999994, 0.0, 223.35999999999996, 307.2, 40.959999999999994, 40.959999999999994, 40.959999999999994, 61.44000000000001, 0.0, 10.239999999999998, 0.0, 40.959999999999994, 0.0, 163.83999999999997, 61.44000000000001, 0.0, 40.959999999999994, 40.959999999999994]
